title=WinWidgets
width=1000
height=1000
x=130
y=958
title_bar=false
top_most=false
opacity=1.000000
radius=0.000000
